dnjns 160
user455 132
dfvdf 68
gabrielamm 60
vgfb 4
 0
 0
 0
 0
 0
 0
 0
 0
 0
 0
 0
 0
 0
 0
 0
 0
 0
 0
 0
 0
 0
 0
 0
 0
 0
 0
 0
 0
 0
 0
 0
 0
 0
 0
 0
 0
 0
 0
 0
 0
 0
 0
 0
 0
 0
 0
 0
 0
 0
 0
 0
 0
 0
 0
 0
 0
 0
 0
 0
 0
 0
 0
 0
 0
 0
 0
 0
 0
 0
 0
 0
 0
 0
 0
 0
 0
 0
 0
 0
 0
 0
 0
 0
 0
 0
 0
 0
 0
 0
 0
 0
 0
 0
 0
 0
 0
 0
лллл -858993664
 -858993664
 -858993664
 -858993664
 -858993664
 -858993664
 -858993664
 -858993664
 -858993664
 -858993664
 -858993664
 -858993664
 -858993664
 -858993664
 -858993664
 -858993664
 -858993664
 -858993664
 -858993664
 -858993664
 -858993664
 -858993664
 -858993664
 -858993664
 -858993664
 -858993664
user455 132
user455 132
dnjns 160
dnjns 160
dnjns 160
